0.00510204081633	1344.0
0.0102040816327	1348.0
0.015306122449	1370.0
0.0204081632653	1373.0
0.0255102040816	1380.0
0.030612244898	1383.0
0.0357142857143	1385.0
0.0408163265306	1386.0
0.0459183673469	1391.0
0.0510204081633	1391.0
0.0561224489796	1392.0
0.0612244897959	1394.0
0.0663265306122	1401.0
0.0714285714286	1404.0
0.0765306122449	1406.0
0.0816326530612	1408.0
0.0867346938776	1410.0
0.0918367346939	1416.0
0.0969387755102	1421.0
0.102040816327	1421.0
0.107142857143	1422.0
0.112244897959	1427.0
0.117346938776	1429.0
0.122448979592	1436.0
0.127551020408	1439.0
0.132653061224	1441.0
0.137755102041	1442.0
0.142857142857	1443.0
0.147959183673	1451.0
0.15306122449	1452.0
0.158163265306	1457.0
0.163265306122	1459.0
0.168367346939	1464.0
0.173469387755	1465.0
0.178571428571	1469.0
0.183673469388	1470.0
0.188775510204	1470.0
0.19387755102	1472.0
0.198979591837	1472.0
0.204081632653	1473.0
0.209183673469	1477.0
0.214285714286	1487.0
0.219387755102	1488.0
0.224489795918	1490.0
0.229591836735	1490.0
0.234693877551	1492.0
0.239795918367	1494.0
0.244897959184	1495.0
0.25	1496.0
0.255102040816	1497.0
0.260204081633	1500.0
0.265306122449	1501.0
0.270408163265	1503.0
0.275510204082	1506.0
0.280612244898	1506.0
0.285714285714	1509.0
0.290816326531	1512.0
0.295918367347	1519.0
0.301020408163	1521.0
0.30612244898	1524.0
0.311224489796	1524.0
0.316326530612	1527.0
0.321428571429	1529.0
0.326530612245	1533.0
0.331632653061	1539.0
0.336734693878	1545.0
0.341836734694	1545.0
0.34693877551	1546.0
0.352040816327	1547.0
0.357142857143	1549.0
0.362244897959	1550.0
0.367346938776	1557.0
0.372448979592	1561.0
0.377551020408	1561.0
0.382653061224	1566.0
0.387755102041	1569.0
0.392857142857	1579.0
0.397959183673	1580.0
0.40306122449	1587.0
0.408163265306	1593.0
0.413265306122	1594.0
0.418367346939	1596.0
0.423469387755	1604.0
0.428571428571	1605.0
0.433673469388	1608.0
0.438775510204	1611.0
0.44387755102	1611.0
0.448979591837	1616.0
0.454081632653	1617.0
0.459183673469	1633.0
0.464285714286	1636.0
0.469387755102	1640.0
0.474489795918	1642.0
0.479591836735	1642.0
0.484693877551	1643.0
0.489795918367	1645.0
0.494897959184	1647.0
0.5	1650.0
0.505102040816	1658.0
0.510204081633	1661.0
0.515306122449	1664.0
0.520408163265	1670.0
0.525510204082	1676.0
0.530612244898	1676.0
0.535714285714	1677.0
0.540816326531	1677.0
0.545918367347	1679.0
0.551020408163	1681.0
0.55612244898	1687.0
0.561224489796	1691.0
0.566326530612	1700.0
0.571428571429	1702.0
0.576530612245	1716.0
0.581632653061	1719.0
0.586734693878	1720.0
0.591836734694	1726.0
0.59693877551	1730.0
0.602040816327	1732.0
0.607142857143	1735.0
0.612244897959	1739.0
0.617346938776	1745.0
0.622448979592	1750.0
0.627551020408	1757.0
0.632653061224	1760.0
0.637755102041	1765.0
0.642857142857	1767.0
0.647959183673	1783.0
0.65306122449	1786.0
0.658163265306	1801.0
0.663265306122	1822.0
0.668367346939	1844.0
0.673469387755	1848.0
0.678571428571	1871.0
0.683673469388	1886.0
0.688775510204	1891.0
0.69387755102	1895.0
0.698979591837	1901.0
0.704081632653	1906.0
0.709183673469	1910.0
0.714285714286	1911.0
0.719387755102	1912.0
0.724489795918	1915.0
0.729591836735	1926.0
0.734693877551	1931.0
0.739795918367	1944.0
0.744897959184	1947.0
0.75	1950.0
0.755102040816	1951.0
0.760204081633	1951.0
0.765306122449	1988.0
0.770408163265	1997.0
0.775510204082	2002.0
0.780612244898	2014.0
0.785714285714	2018.0
0.790816326531	2031.0
0.795918367347	2032.0
0.801020408163	2032.0
0.80612244898	2035.0
0.811224489796	2043.0
0.816326530612	2045.0
0.821428571429	2050.0
0.826530612245	2070.0
0.831632653061	2078.0
0.836734693878	2087.0
0.841836734694	2101.0
0.84693877551	2109.0
0.852040816327	2116.0
0.857142857143	2122.0
0.862244897959	2131.0
0.867346938776	2144.0
0.872448979592	2160.0
0.877551020408	2172.0
0.882653061224	2173.0
0.887755102041	2186.0
0.892857142857	2197.0
0.897959183673	2198.0
0.90306122449	2198.0
0.908163265306	2218.0
0.913265306122	2236.0
0.918367346939	2240.0
0.923469387755	2279.0
0.928571428571	2282.0
0.933673469388	2334.0
0.938775510204	2343.0
0.94387755102	2350.0
0.948979591837	2406.0
0.954081632653	2430.0
0.959183673469	2476.0
0.964285714286	2693.0
0.969387755102	2704.0
0.974489795918	2708.0
0.979591836735	2822.0
0.984693877551	2882.0
0.989795918367	3109.0
0.994897959184	3496.0
1.0	3918.0
