0.00510204081633	673.0
0.0102040816327	682.0
0.015306122449	684.0
0.0204081632653	688.0
0.0255102040816	689.0
0.030612244898	693.0
0.0357142857143	699.0
0.0408163265306	704.0
0.0459183673469	706.0
0.0510204081633	713.0
0.0561224489796	715.0
0.0612244897959	717.0
0.0663265306122	719.0
0.0714285714286	719.0
0.0765306122449	726.0
0.0816326530612	732.0
0.0867346938776	735.0
0.0918367346939	735.0
0.0969387755102	735.0
0.102040816327	743.0
0.107142857143	744.0
0.112244897959	748.0
0.117346938776	748.0
0.122448979592	752.0
0.127551020408	752.0
0.132653061224	754.0
0.137755102041	754.0
0.142857142857	757.0
0.147959183673	759.0
0.15306122449	760.0
0.158163265306	760.0
0.163265306122	764.0
0.168367346939	769.0
0.173469387755	770.0
0.178571428571	773.0
0.183673469388	773.0
0.188775510204	782.0
0.19387755102	782.0
0.198979591837	782.0
0.204081632653	783.0
0.209183673469	784.0
0.214285714286	785.0
0.219387755102	786.0
0.224489795918	788.0
0.229591836735	795.0
0.234693877551	797.0
0.239795918367	797.0
0.244897959184	797.0
0.25	800.0
0.255102040816	801.0
0.260204081633	802.0
0.265306122449	808.0
0.270408163265	815.0
0.275510204082	817.0
0.280612244898	819.0
0.285714285714	821.0
0.290816326531	822.0
0.295918367347	826.0
0.301020408163	826.0
0.30612244898	826.0
0.311224489796	827.0
0.316326530612	833.0
0.321428571429	835.0
0.326530612245	835.0
0.331632653061	836.0
0.336734693878	836.0
0.341836734694	838.0
0.34693877551	840.0
0.352040816327	842.0
0.357142857143	846.0
0.362244897959	858.0
0.367346938776	860.0
0.372448979592	878.0
0.377551020408	882.0
0.382653061224	883.0
0.387755102041	888.0
0.392857142857	889.0
0.397959183673	891.0
0.40306122449	891.0
0.408163265306	893.0
0.413265306122	901.0
0.418367346939	905.0
0.423469387755	909.0
0.428571428571	910.0
0.433673469388	914.0
0.438775510204	915.0
0.44387755102	916.0
0.448979591837	922.0
0.454081632653	927.0
0.459183673469	933.0
0.464285714286	942.0
0.469387755102	945.0
0.474489795918	945.0
0.479591836735	947.0
0.484693877551	950.0
0.489795918367	952.0
0.494897959184	958.0
0.5	965.0
0.505102040816	968.0
0.510204081633	968.0
0.515306122449	972.0
0.520408163265	980.0
0.525510204082	981.0
0.530612244898	982.0
0.535714285714	985.0
0.540816326531	1006.0
0.545918367347	1008.0
0.551020408163	1014.0
0.55612244898	1018.0
0.561224489796	1021.0
0.566326530612	1026.0
0.571428571429	1026.0
0.576530612245	1029.0
0.581632653061	1029.0
0.586734693878	1034.0
0.591836734694	1039.0
0.59693877551	1040.0
0.602040816327	1044.0
0.607142857143	1053.0
0.612244897959	1059.0
0.617346938776	1062.0
0.622448979592	1067.0
0.627551020408	1067.0
0.632653061224	1073.0
0.637755102041	1076.0
0.642857142857	1081.0
0.647959183673	1103.0
0.65306122449	1106.0
0.658163265306	1110.0
0.663265306122	1142.0
0.668367346939	1147.0
0.673469387755	1154.0
0.678571428571	1161.0
0.683673469388	1165.0
0.688775510204	1172.0
0.69387755102	1174.0
0.698979591837	1190.0
0.704081632653	1195.0
0.709183673469	1207.0
0.714285714286	1213.0
0.719387755102	1215.0
0.724489795918	1216.0
0.729591836735	1220.0
0.734693877551	1224.0
0.739795918367	1229.0
0.744897959184	1247.0
0.75	1248.0
0.755102040816	1249.0
0.760204081633	1249.0
0.765306122449	1253.0
0.770408163265	1264.0
0.775510204082	1272.0
0.780612244898	1282.0
0.785714285714	1284.0
0.790816326531	1292.0
0.795918367347	1299.0
0.801020408163	1305.0
0.80612244898	1320.0
0.811224489796	1323.0
0.816326530612	1327.0
0.821428571429	1332.0
0.826530612245	1335.0
0.831632653061	1336.0
0.836734693878	1338.0
0.841836734694	1341.0
0.84693877551	1366.0
0.852040816327	1370.0
0.857142857143	1384.0
0.862244897959	1387.0
0.867346938776	1388.0
0.872448979592	1396.0
0.877551020408	1404.0
0.882653061224	1412.0
0.887755102041	1412.0
0.892857142857	1423.0
0.897959183673	1429.0
0.90306122449	1444.0
0.908163265306	1471.0
0.913265306122	1479.0
0.918367346939	1482.0
0.923469387755	1489.0
0.928571428571	1499.0
0.933673469388	1516.0
0.938775510204	1521.0
0.94387755102	1526.0
0.948979591837	1567.0
0.954081632653	1594.0
0.959183673469	1701.0
0.964285714286	1833.0
0.969387755102	1878.0
0.974489795918	1894.0
0.979591836735	1974.0
0.984693877551	2057.0
0.989795918367	2064.0
0.994897959184	2198.0
1.0	2489.0
