0.00510204081633	622.0
0.0102040816327	640.0
0.015306122449	642.0
0.0204081632653	649.0
0.0255102040816	656.0
0.030612244898	657.0
0.0357142857143	657.0
0.0408163265306	658.0
0.0459183673469	658.0
0.0510204081633	661.0
0.0561224489796	661.0
0.0612244897959	662.0
0.0663265306122	662.0
0.0714285714286	665.0
0.0765306122449	666.0
0.0816326530612	667.0
0.0867346938776	667.0
0.0918367346939	669.0
0.0969387755102	671.0
0.102040816327	675.0
0.107142857143	675.0
0.112244897959	676.0
0.117346938776	677.0
0.122448979592	677.0
0.127551020408	677.0
0.132653061224	678.0
0.137755102041	678.0
0.142857142857	678.0
0.147959183673	679.0
0.15306122449	679.0
0.158163265306	682.0
0.163265306122	682.0
0.168367346939	682.0
0.173469387755	682.0
0.178571428571	682.0
0.183673469388	685.0
0.188775510204	687.0
0.19387755102	688.0
0.198979591837	690.0
0.204081632653	690.0
0.209183673469	693.0
0.214285714286	693.0
0.219387755102	694.0
0.224489795918	694.0
0.229591836735	696.0
0.234693877551	698.0
0.239795918367	700.0
0.244897959184	709.0
0.25	710.0
0.255102040816	715.0
0.260204081633	715.0
0.265306122449	722.0
0.270408163265	723.0
0.275510204082	725.0
0.280612244898	725.0
0.285714285714	728.0
0.290816326531	732.0
0.295918367347	732.0
0.301020408163	732.0
0.30612244898	732.0
0.311224489796	732.0
0.316326530612	732.0
0.321428571429	733.0
0.326530612245	734.0
0.331632653061	735.0
0.336734693878	737.0
0.341836734694	737.0
0.34693877551	737.0
0.352040816327	737.0
0.357142857143	738.0
0.362244897959	738.0
0.367346938776	738.0
0.372448979592	738.0
0.377551020408	738.0
0.382653061224	740.0
0.387755102041	740.0
0.392857142857	740.0
0.397959183673	746.0
0.40306122449	746.0
0.408163265306	747.0
0.413265306122	749.0
0.418367346939	749.0
0.423469387755	749.0
0.428571428571	751.0
0.433673469388	752.0
0.438775510204	752.0
0.44387755102	752.0
0.448979591837	753.0
0.454081632653	753.0
0.459183673469	757.0
0.464285714286	757.0
0.469387755102	758.0
0.474489795918	759.0
0.479591836735	759.0
0.484693877551	760.0
0.489795918367	760.0
0.494897959184	763.0
0.5	763.0
0.505102040816	765.0
0.510204081633	765.0
0.515306122449	766.0
0.520408163265	768.0
0.525510204082	768.0
0.530612244898	769.0
0.535714285714	769.0
0.540816326531	770.0
0.545918367347	770.0
0.551020408163	771.0
0.55612244898	772.0
0.561224489796	774.0
0.566326530612	775.0
0.571428571429	776.0
0.576530612245	778.0
0.581632653061	779.0
0.586734693878	782.0
0.591836734694	783.0
0.59693877551	783.0
0.602040816327	784.0
0.607142857143	786.0
0.612244897959	789.0
0.617346938776	799.0
0.622448979592	799.0
0.627551020408	801.0
0.632653061224	804.0
0.637755102041	804.0
0.642857142857	808.0
0.647959183673	809.0
0.65306122449	809.0
0.658163265306	810.0
0.663265306122	810.0
0.668367346939	812.0
0.673469387755	821.0
0.678571428571	827.0
0.683673469388	832.0
0.688775510204	836.0
0.69387755102	843.0
0.698979591837	843.0
0.704081632653	844.0
0.709183673469	845.0
0.714285714286	849.0
0.719387755102	849.0
0.724489795918	851.0
0.729591836735	858.0
0.734693877551	865.0
0.739795918367	866.0
0.744897959184	866.0
0.75	867.0
0.755102040816	869.0
0.760204081633	874.0
0.765306122449	876.0
0.770408163265	883.0
0.775510204082	886.0
0.780612244898	887.0
0.785714285714	892.0
0.790816326531	895.0
0.795918367347	896.0
0.801020408163	898.0
0.80612244898	905.0
0.811224489796	906.0
0.816326530612	919.0
0.821428571429	926.0
0.826530612245	936.0
0.831632653061	970.0
0.836734693878	1005.0
0.841836734694	1011.0
0.84693877551	1068.0
0.852040816327	1084.0
0.857142857143	1097.0
0.862244897959	1098.0
0.867346938776	1101.0
0.872448979592	1108.0
0.877551020408	1129.0
0.882653061224	1137.0
0.887755102041	1138.0
0.892857142857	1139.0
0.897959183673	1159.0
0.90306122449	1200.0
0.908163265306	1268.0
0.913265306122	1272.0
0.918367346939	1311.0
0.923469387755	1311.0
0.928571428571	1364.0
0.933673469388	1394.0
0.938775510204	1394.0
0.94387755102	1413.0
0.948979591837	1433.0
0.954081632653	1447.0
0.959183673469	1461.0
0.964285714286	1465.0
0.969387755102	1495.0
0.974489795918	1500.0
0.979591836735	1503.0
0.984693877551	1540.0
0.989795918367	1570.0
0.994897959184	1591.0
1.0	1643.0
