238406.0 126000.0 748720.0
175229.090909 126000.0 252000.0
207607.272727 180180.0 252000.0
227410.909091 182560.0 378000.0
226583.636364 134260.0 378000.0
315738.181818 271600.0 387100.0
283538.181818 147980.0 504000.0
211947.272727 129640.0 340340.0
259330.909091 173740.0 378000.0
301814.545455 252000.0 378000.0
395105.454545 355460.0 504000.0
490954.545455 418320.0 632800.0
607994.545455 325220.0 1117200.0
231229.090909 160440.0 351120.0
291263.636364 233520.0 378000.0
285587.272727 219240.0 376320.0
385865.454545 282660.0 497700.0
598156.363636 525700.0 814660.0
1055752.72727 914480.0 1497720.0
706236.363636 168420.0 2363620.0
269232.727273 163520.0 378000.0
366596.363636 294560.0 504000.0
607014.545455 564060.0 918400.0
1037374.54545 811720.0 1458100.0
2884267.27273 1662080.0 5335540.0
8149158.18182 968660.0 17555300.0
358260.0 282240.0 629160.0
660112.727273 552160.0 915460.0
2148427.27273 1106560.0 4470900.0
