0.0	1238.0
0.003389830508474576	1262.0
0.006779661016949152	1265.0
0.010169491525423728	1266.0
0.013559322033898305	1284.0
0.01694915254237288	1287.0
0.020338983050847456	1289.0
0.023728813559322035	1292.0
0.02711864406779661	1299.0
0.030508474576271184	1301.0
0.03389830508474576	1301.0
0.03728813559322034	1303.0
0.04067796610169491	1305.0
0.04406779661016949	1307.0
0.04745762711864407	1309.0
0.05084745762711864	1312.0
0.05423728813559322	1313.0
0.0576271186440678	1314.0
0.06101694915254237	1314.0
0.06440677966101695	1317.0
0.06779661016949153	1317.0
0.0711864406779661	1319.0
0.07457627118644068	1321.0
0.07796610169491525	1322.0
0.08135593220338982	1327.0
0.0847457627118644	1331.0
0.08813559322033898	1332.0
0.09152542372881356	1336.0
0.09491525423728814	1337.0
0.0983050847457627	1341.0
0.10169491525423728	1347.0
0.10508474576271186	1348.0
0.10847457627118644	1349.0
0.11186440677966102	1350.0
0.1152542372881356	1350.0
0.11864406779661017	1355.0
0.12203389830508474	1356.0
0.12542372881355932	1366.0
0.1288135593220339	1367.0
0.13220338983050847	1368.0
0.13559322033898305	1369.0
0.13898305084745763	1371.0
0.1423728813559322	1371.0
0.14576271186440679	1373.0
0.14915254237288136	1376.0
0.15254237288135591	1378.0
0.1559322033898305	1378.0
0.15932203389830507	1380.0
0.16271186440677965	1381.0
0.16610169491525423	1384.0
0.1694915254237288	1386.0
0.17288135593220338	1391.0
0.17627118644067796	1391.0
0.17966101694915254	1397.0
0.18305084745762712	1401.0
0.1864406779661017	1402.0
0.18983050847457628	1403.0
0.19322033898305085	1403.0
0.1966101694915254	1404.0
0.19999999999999998	1406.0
0.20338983050847456	1407.0
0.20677966101694914	1410.0
0.21016949152542372	1411.0
0.2135593220338983	1412.0
0.21694915254237288	1413.0
0.22033898305084745	1413.0
0.22372881355932203	1413.0
0.2271186440677966	1415.0
0.2305084745762712	1416.0
0.23389830508474577	1422.0
0.23728813559322035	1423.0
0.2406779661016949	1423.0
0.24406779661016947	1425.0
0.24745762711864405	1429.0
0.25084745762711863	1432.0
0.2542372881355932	1433.0
0.2576271186440678	1437.0
0.26101694915254237	1437.0
0.26440677966101694	1439.0
0.2677966101694915	1440.0
0.2711864406779661	1443.0
0.2745762711864407	1444.0
0.27796610169491526	1445.0
0.28135593220338984	1446.0
0.2847457627118644	1448.0
0.288135593220339	1449.0
0.29152542372881357	1449.0
0.29491525423728815	1451.0
0.2983050847457627	1452.0
0.3016949152542373	1452.0
0.30508474576271183	1453.0
0.3084745762711864	1453.0
0.311864406779661	1454.0
0.31525423728813556	1454.0
0.31864406779661014	1458.0
0.3220338983050847	1459.0
0.3254237288135593	1461.0
0.3288135593220339	1463.0
0.33220338983050846	1464.0
0.33559322033898303	1465.0
0.3389830508474576	1466.0
0.3423728813559322	1466.0
0.34576271186440677	1468.0
0.34915254237288135	1470.0
0.3525423728813559	1473.0
0.3559322033898305	1474.0
0.3593220338983051	1476.0
0.36271186440677966	1477.0
0.36610169491525424	1480.0
0.3694915254237288	1481.0
0.3728813559322034	1482.0
0.376271186440678	1485.0
0.37966101694915255	1487.0
0.38305084745762713	1487.0
0.3864406779661017	1488.0
0.3898305084745763	1491.0
0.3932203389830508	1493.0
0.3966101694915254	1499.0
0.39999999999999997	1499.0
0.40338983050847455	1502.0
0.4067796610169491	1503.0
0.4101694915254237	1503.0
0.4135593220338983	1507.0
0.41694915254237286	1508.0
0.42033898305084744	1508.0
0.423728813559322	1509.0
0.4271186440677966	1510.0
0.43050847457627117	1511.0
0.43389830508474575	1516.0
0.43728813559322033	1522.0
0.4406779661016949	1522.0
0.4440677966101695	1522.0
0.44745762711864406	1527.0
0.45084745762711864	1530.0
0.4542372881355932	1533.0
0.4576271186440678	1533.0
0.4610169491525424	1533.0
0.46440677966101696	1536.0
0.46779661016949153	1537.0
0.4711864406779661	1541.0
0.4745762711864407	1547.0
0.4779661016949152	1550.0
0.4813559322033898	1550.0
0.48474576271186437	1554.0
0.48813559322033895	1556.0
0.4915254237288135	1557.0
0.4949152542372881	1567.0
0.4983050847457627	1568.0
0.5016949152542373	1568.0
0.5050847457627119	1569.0
0.5084745762711864	1572.0
0.511864406779661	1575.0
0.5152542372881356	1581.0
0.5186440677966102	1581.0
0.5220338983050847	1582.0
0.5254237288135593	1585.0
0.5288135593220339	1586.0
0.5322033898305084	1591.0
0.535593220338983	1592.0
0.5389830508474576	1594.0
0.5423728813559322	1599.0
0.5457627118644067	1599.0
0.5491525423728814	1604.0
0.5525423728813559	1604.0
0.5559322033898305	1606.0
0.559322033898305	1607.0
0.5627118644067797	1608.0
0.5661016949152542	1609.0
0.5694915254237288	1610.0
0.5728813559322034	1612.0
0.576271186440678	1619.0
0.5796610169491525	1621.0
0.5830508474576271	1625.0
0.5864406779661017	1627.0
0.5898305084745763	1630.0
0.5932203389830508	1637.0
0.5966101694915255	1639.0
0.6	1639.0
0.6033898305084746	1653.0
0.6067796610169491	1653.0
0.6101694915254237	1655.0
0.6135593220338983	1660.0
0.6169491525423728	1660.0
0.6203389830508474	1670.0
0.623728813559322	1674.0
0.6271186440677966	1675.0
0.6305084745762711	1675.0
0.6338983050847458	1677.0
0.6372881355932203	1677.0
0.6406779661016949	1679.0
0.6440677966101694	1679.0
0.6474576271186441	1685.0
0.6508474576271186	1692.0
0.6542372881355932	1692.0
0.6576271186440678	1693.0
0.6610169491525424	1697.0
0.6644067796610169	1700.0
0.6677966101694915	1706.0
0.6711864406779661	1710.0
0.6745762711864407	1716.0
0.6779661016949152	1717.0
0.6813559322033899	1725.0
0.6847457627118644	1730.0
0.688135593220339	1731.0
0.6915254237288135	1733.0
0.6949152542372881	1738.0
0.6983050847457627	1741.0
0.7016949152542372	1747.0
0.7050847457627119	1758.0
0.7084745762711864	1763.0
0.711864406779661	1764.0
0.7152542372881355	1765.0
0.7186440677966102	1772.0
0.7220338983050847	1776.0
0.7254237288135593	1781.0
0.7288135593220338	1782.0
0.7322033898305085	1784.0
0.735593220338983	1789.0
0.7389830508474576	1790.0
0.7423728813559322	1793.0
0.7457627118644068	1800.0
0.7491525423728813	1801.0
0.752542372881356	1809.0
0.7559322033898305	1811.0
0.7593220338983051	1812.0
0.7627118644067796	1814.0
0.7661016949152543	1826.0
0.7694915254237288	1836.0
0.7728813559322034	1839.0
0.7762711864406779	1839.0
0.7796610169491526	1846.0
0.7830508474576271	1846.0
0.7864406779661016	1849.0
0.7898305084745763	1859.0
0.7932203389830508	1862.0
0.7966101694915254	1864.0
0.7999999999999999	1869.0
0.8033898305084746	1878.0
0.8067796610169491	1880.0
0.8101694915254237	1887.0
0.8135593220338982	1896.0
0.8169491525423729	1900.0
0.8203389830508474	1901.0
0.823728813559322	1912.0
0.8271186440677966	1921.0
0.8305084745762712	1922.0
0.8338983050847457	1929.0
0.8372881355932204	1932.0
0.8406779661016949	1938.0
0.8440677966101695	1944.0
0.847457627118644	1972.0
0.8508474576271187	1983.0
0.8542372881355932	1984.0
0.8576271186440678	1987.0
0.8610169491525423	1991.0
0.864406779661017	1995.0
0.8677966101694915	2011.0
0.871186440677966	2012.0
0.8745762711864407	2015.0
0.8779661016949152	2015.0
0.8813559322033898	2017.0
0.8847457627118643	2017.0
0.888135593220339	2025.0
0.8915254237288135	2055.0
0.8949152542372881	2070.0
0.8983050847457626	2072.0
0.9016949152542373	2131.0
0.9050847457627118	2143.0
0.9084745762711864	2154.0
0.911864406779661	2161.0
0.9152542372881356	2182.0
0.9186440677966101	2234.0
0.9220338983050848	2239.0
0.9254237288135593	2280.0
0.9288135593220339	2289.0
0.9322033898305084	2294.0
0.9355932203389831	2302.0
0.9389830508474576	2367.0
0.9423728813559322	2400.0
0.9457627118644067	2427.0
0.9491525423728814	2441.0
0.9525423728813559	2515.0
0.9559322033898304	2543.0
0.9593220338983051	2571.0
0.9627118644067796	2599.0
0.9661016949152542	2604.0
0.9694915254237287	2661.0
0.9728813559322034	2747.0
0.9762711864406779	2756.0
0.9796610169491525	2758.0
0.983050847457627	2970.0
0.9864406779661017	3158.0
0.9898305084745762	3537.0
0.9932203389830508	3537.0
0.9966101694915254	3866.0
1.0	5079.0
