0.0	1299.0
0.003389830508474576	1301.0
0.006779661016949152	1305.0
0.010169491525423728	1314.0
0.013559322033898305	1330.0
0.01694915254237288	1332.0
0.020338983050847456	1333.0
0.023728813559322035	1337.0
0.02711864406779661	1340.0
0.030508474576271184	1353.0
0.03389830508474576	1365.0
0.03728813559322034	1365.0
0.04067796610169491	1369.0
0.04406779661016949	1374.0
0.04745762711864407	1374.0
0.05084745762711864	1377.0
0.05423728813559322	1377.0
0.0576271186440678	1380.0
0.06101694915254237	1381.0
0.06440677966101695	1381.0
0.06779661016949153	1390.0
0.0711864406779661	1391.0
0.07457627118644068	1392.0
0.07796610169491525	1392.0
0.08135593220338982	1396.0
0.0847457627118644	1399.0
0.08813559322033898	1400.0
0.09152542372881356	1404.0
0.09491525423728814	1405.0
0.0983050847457627	1406.0
0.10169491525423728	1408.0
0.10508474576271186	1422.0
0.10847457627118644	1424.0
0.11186440677966102	1427.0
0.1152542372881356	1427.0
0.11864406779661017	1428.0
0.12203389830508474	1434.0
0.12542372881355932	1438.0
0.1288135593220339	1441.0
0.13220338983050847	1442.0
0.13559322033898305	1443.0
0.13898305084745763	1445.0
0.1423728813559322	1452.0
0.14576271186440679	1453.0
0.14915254237288136	1454.0
0.15254237288135591	1456.0
0.1559322033898305	1456.0
0.15932203389830507	1460.0
0.16271186440677965	1464.0
0.16610169491525423	1466.0
0.1694915254237288	1474.0
0.17288135593220338	1475.0
0.17627118644067796	1475.0
0.17966101694915254	1481.0
0.18305084745762712	1483.0
0.1864406779661017	1484.0
0.18983050847457628	1489.0
0.19322033898305085	1491.0
0.1966101694915254	1497.0
0.19999999999999998	1497.0
0.20338983050847456	1498.0
0.20677966101694914	1509.0
0.21016949152542372	1509.0
0.2135593220338983	1510.0
0.21694915254237288	1511.0
0.22033898305084745	1512.0
0.22372881355932203	1512.0
0.2271186440677966	1518.0
0.2305084745762712	1520.0
0.23389830508474577	1527.0
0.23728813559322035	1527.0
0.2406779661016949	1528.0
0.24406779661016947	1529.0
0.24745762711864405	1533.0
0.25084745762711863	1534.0
0.2542372881355932	1534.0
0.2576271186440678	1536.0
0.26101694915254237	1536.0
0.26440677966101694	1538.0
0.2677966101694915	1539.0
0.2711864406779661	1543.0
0.2745762711864407	1543.0
0.27796610169491526	1543.0
0.28135593220338984	1545.0
0.2847457627118644	1551.0
0.288135593220339	1551.0
0.29152542372881357	1553.0
0.29491525423728815	1553.0
0.2983050847457627	1554.0
0.3016949152542373	1559.0
0.30508474576271183	1564.0
0.3084745762711864	1568.0
0.311864406779661	1570.0
0.31525423728813556	1570.0
0.31864406779661014	1570.0
0.3220338983050847	1571.0
0.3254237288135593	1572.0
0.3288135593220339	1575.0
0.33220338983050846	1577.0
0.33559322033898303	1579.0
0.3389830508474576	1580.0
0.3423728813559322	1582.0
0.34576271186440677	1591.0
0.34915254237288135	1593.0
0.3525423728813559	1600.0
0.3559322033898305	1600.0
0.3593220338983051	1601.0
0.36271186440677966	1610.0
0.36610169491525424	1611.0
0.3694915254237288	1619.0
0.3728813559322034	1619.0
0.376271186440678	1622.0
0.37966101694915255	1622.0
0.38305084745762713	1623.0
0.3864406779661017	1632.0
0.3898305084745763	1647.0
0.3932203389830508	1649.0
0.3966101694915254	1650.0
0.39999999999999997	1651.0
0.40338983050847455	1654.0
0.4067796610169491	1654.0
0.4101694915254237	1656.0
0.4135593220338983	1658.0
0.41694915254237286	1659.0
0.42033898305084744	1666.0
0.423728813559322	1669.0
0.4271186440677966	1669.0
0.43050847457627117	1671.0
0.43389830508474575	1675.0
0.43728813559322033	1685.0
0.4406779661016949	1690.0
0.4440677966101695	1693.0
0.44745762711864406	1697.0
0.45084745762711864	1698.0
0.4542372881355932	1699.0
0.4576271186440678	1701.0
0.4610169491525424	1703.0
0.46440677966101696	1706.0
0.46779661016949153	1717.0
0.4711864406779661	1717.0
0.4745762711864407	1719.0
0.4779661016949152	1720.0
0.4813559322033898	1722.0
0.48474576271186437	1726.0
0.48813559322033895	1730.0
0.4915254237288135	1731.0
0.4949152542372881	1735.0
0.4983050847457627	1744.0
0.5016949152542373	1756.0
0.5050847457627119	1756.0
0.5084745762711864	1759.0
0.511864406779661	1765.0
0.5152542372881356	1768.0
0.5186440677966102	1773.0
0.5220338983050847	1785.0
0.5254237288135593	1789.0
0.5288135593220339	1791.0
0.5322033898305084	1797.0
0.535593220338983	1797.0
0.5389830508474576	1809.0
0.5423728813559322	1812.0
0.5457627118644067	1814.0
0.5491525423728814	1828.0
0.5525423728813559	1831.0
0.5559322033898305	1836.0
0.559322033898305	1843.0
0.5627118644067797	1846.0
0.5661016949152542	1855.0
0.5694915254237288	1856.0
0.5728813559322034	1859.0
0.576271186440678	1862.0
0.5796610169491525	1874.0
0.5830508474576271	1874.0
0.5864406779661017	1874.0
0.5898305084745763	1882.0
0.5932203389830508	1899.0
0.5966101694915255	1902.0
0.6	1910.0
0.6033898305084746	1921.0
0.6067796610169491	1931.0
0.6101694915254237	1936.0
0.6135593220338983	1940.0
0.6169491525423728	1945.0
0.6203389830508474	1945.0
0.623728813559322	1963.0
0.6271186440677966	1964.0
0.6305084745762711	1967.0
0.6338983050847458	1975.0
0.6372881355932203	1976.0
0.6406779661016949	1981.0
0.6440677966101694	1983.0
0.6474576271186441	1985.0
0.6508474576271186	1987.0
0.6542372881355932	1990.0
0.6576271186440678	1990.0
0.6610169491525424	2002.0
0.6644067796610169	2009.0
0.6677966101694915	2021.0
0.6711864406779661	2022.0
0.6745762711864407	2025.0
0.6779661016949152	2039.0
0.6813559322033899	2043.0
0.6847457627118644	2043.0
0.688135593220339	2047.0
0.6915254237288135	2051.0
0.6949152542372881	2051.0
0.6983050847457627	2052.0
0.7016949152542372	2066.0
0.7050847457627119	2066.0
0.7084745762711864	2083.0
0.711864406779661	2097.0
0.7152542372881355	2099.0
0.7186440677966102	2103.0
0.7220338983050847	2113.0
0.7254237288135593	2126.0
0.7288135593220338	2135.0
0.7322033898305085	2137.0
0.735593220338983	2137.0
0.7389830508474576	2141.0
0.7423728813559322	2143.0
0.7457627118644068	2145.0
0.7491525423728813	2156.0
0.752542372881356	2160.0
0.7559322033898305	2186.0
0.7593220338983051	2189.0
0.7627118644067796	2191.0
0.7661016949152543	2192.0
0.7694915254237288	2195.0
0.7728813559322034	2198.0
0.7762711864406779	2208.0
0.7796610169491526	2209.0
0.7830508474576271	2217.0
0.7864406779661016	2222.0
0.7898305084745763	2224.0
0.7932203389830508	2237.0
0.7966101694915254	2252.0
0.7999999999999999	2252.0
0.8033898305084746	2277.0
0.8067796610169491	2287.0
0.8101694915254237	2298.0
0.8135593220338982	2313.0
0.8169491525423729	2318.0
0.8203389830508474	2323.0
0.823728813559322	2332.0
0.8271186440677966	2337.0
0.8305084745762712	2338.0
0.8338983050847457	2363.0
0.8372881355932204	2367.0
0.8406779661016949	2389.0
0.8440677966101695	2389.0
0.847457627118644	2397.0
0.8508474576271187	2414.0
0.8542372881355932	2432.0
0.8576271186440678	2446.0
0.8610169491525423	2447.0
0.864406779661017	2452.0
0.8677966101694915	2466.0
0.871186440677966	2473.0
0.8745762711864407	2492.0
0.8779661016949152	2498.0
0.8813559322033898	2500.0
0.8847457627118643	2515.0
0.888135593220339	2519.0
0.8915254237288135	2540.0
0.8949152542372881	2555.0
0.8983050847457626	2606.0
0.9016949152542373	2626.0
0.9050847457627118	2670.0
0.9084745762711864	2701.0
0.911864406779661	2701.0
0.9152542372881356	2718.0
0.9186440677966101	2742.0
0.9220338983050848	2757.0
0.9254237288135593	2760.0
0.9288135593220339	2772.0
0.9322033898305084	2803.0
0.9355932203389831	2823.0
0.9389830508474576	2842.0
0.9423728813559322	2860.0
0.9457627118644067	2937.0
0.9491525423728814	2941.0
0.9525423728813559	3014.0
0.9559322033898304	3021.0
0.9593220338983051	3038.0
0.9627118644067796	3070.0
0.9661016949152542	3271.0
0.9694915254237287	3293.0
0.9728813559322034	3326.0
0.9762711864406779	3400.0
0.9796610169491525	3477.0
0.983050847457627	3536.0
0.9864406779661017	3609.0
0.9898305084745762	4067.0
0.9932203389830508	4203.0
0.9966101694915254	4921.0
1.0	5769.0
