0.0	1212.0
0.0024813895781637717	1214.0
0.004962779156327543	1230.0
0.007444168734491315	1244.0
0.009925558312655087	1257.0
0.012406947890818858	1260.0
0.01488833746898263	1262.0
0.017369727047146403	1265.0
0.019851116625310174	1265.0
0.022332506203473945	1274.0
0.024813895781637715	1274.0
0.02729528535980149	1275.0
0.02977667493796526	1277.0
0.03225806451612903	1281.0
0.034739454094292806	1282.0
0.03722084367245657	1287.0
0.03970223325062035	1298.0
0.04218362282878412	1298.0
0.04466501240694789	1301.0
0.04714640198511166	1301.0
0.04962779156327543	1308.0
0.052109181141439205	1312.0
0.05459057071960298	1315.0
0.05707196029776675	1316.0
0.05955334987593052	1318.0
0.062034739454094295	1318.0
0.06451612903225806	1323.0
0.06699751861042183	1327.0
0.06947890818858561	1332.0
0.07196029776674938	1334.0
0.07444168734491315	1334.0
0.07692307692307693	1335.0
0.0794044665012407	1336.0
0.08188585607940446	1339.0
0.08436724565756824	1340.0
0.08684863523573201	1342.0
0.08933002481389578	1343.0
0.09181141439205956	1345.0
0.09429280397022333	1356.0
0.0967741935483871	1358.0
0.09925558312655086	1361.0
0.10173697270471464	1361.0
0.10421836228287841	1361.0
0.10669975186104218	1365.0
0.10918114143920596	1366.0
0.11166253101736973	1366.0
0.1141439205955335	1366.0
0.11662531017369727	1373.0
0.11910669975186104	1376.0
0.12158808933002481	1376.0
0.12406947890818859	1382.0
0.12655086848635236	1382.0
0.12903225806451613	1384.0
0.1315136476426799	1384.0
0.13399503722084366	1385.0
0.13647642679900746	1388.0
0.13895781637717122	1388.0
0.141439205955335	1389.0
0.14392059553349876	1390.0
0.14640198511166252	1392.0
0.1488833746898263	1396.0
0.1513647642679901	1396.0
0.15384615384615385	1397.0
0.15632754342431762	1398.0
0.1588089330024814	1398.0
0.16129032258064516	1399.0
0.16377171215880892	1399.0
0.1662531017369727	1399.0
0.1687344913151365	1402.0
0.17121588089330025	1402.0
0.17369727047146402	1402.0
0.1761786600496278	1403.0
0.17866004962779156	1405.0
0.18114143920595532	1410.0
0.18362282878411912	1411.0
0.18610421836228289	1412.0
0.18858560794044665	1418.0
0.19106699751861042	1420.0
0.1935483870967742	1424.0
0.19602977667493796	1426.0
0.19851116625310172	1427.0
0.20099255583126552	1428.0
0.20347394540942929	1433.0
0.20595533498759305	1434.0
0.20843672456575682	1435.0
0.2109181141439206	1438.0
0.21339950372208435	1442.0
0.21588089330024815	1446.0
0.21836228287841192	1447.0
0.22084367245657568	1448.0
0.22332506203473945	1449.0
0.22580645161290322	1449.0
0.228287841191067	1451.0
0.23076923076923078	1466.0
0.23325062034739455	1467.0
0.23573200992555832	1467.0
0.23821339950372208	1467.0
0.24069478908188585	1469.0
0.24317617866004962	1469.0
0.2456575682382134	1472.0
0.24813895781637718	1477.0
0.2506203473945409	1478.0
0.2531017369727047	1480.0
0.2555831265508685	1485.0
0.25806451612903225	1485.0
0.26054590570719605	1486.0
0.2630272952853598	1487.0
0.2655086848635236	1490.0
0.2679900744416873	1490.0
0.2704714640198511	1498.0
0.2729528535980149	1503.0
0.27543424317617865	1505.0
0.27791563275434245	1506.0
0.2803970223325062	1510.0
0.28287841191067	1515.0
0.2853598014888337	1523.0
0.2878411910669975	1524.0
0.2903225806451613	1526.0
0.29280397022332505	1529.0
0.29528535980148884	1529.0
0.2977667493796526	1532.0
0.3002481389578164	1535.0
0.3027295285359802	1538.0
0.3052109181141439	1545.0
0.3076923076923077	1546.0
0.31017369727047145	1547.0
0.31265508684863524	1549.0
0.315136476426799	1550.0
0.3176178660049628	1552.0
0.3200992555831266	1557.0
0.3225806451612903	1558.0
0.3250620347394541	1560.0
0.32754342431761785	1561.0
0.33002481389578164	1561.0
0.3325062034739454	1564.0
0.3349875930521092	1565.0
0.337468982630273	1565.0
0.3399503722084367	1566.0
0.3424317617866005	1568.0
0.34491315136476425	1570.0
0.34739454094292804	1570.0
0.34987593052109184	1574.0
0.3523573200992556	1576.0
0.3548387096774194	1578.0
0.3573200992555831	1579.0
0.3598014888337469	1580.0
0.36228287841191065	1582.0
0.36476426799007444	1586.0
0.36724565756823824	1587.0
0.369727047146402	1591.0
0.37220843672456577	1592.0
0.3746898263027295	1592.0
0.3771712158808933	1593.0
0.37965260545905705	1593.0
0.38213399503722084	1595.0
0.38461538461538464	1597.0
0.3870967741935484	1599.0
0.38957816377171217	1605.0
0.3920595533498759	1607.0
0.3945409429280397	1610.0
0.39702233250620345	1614.0
0.39950372208436724	1616.0
0.40198511166253104	1618.0
0.4044665012406948	1624.0
0.40694789081885857	1630.0
0.4094292803970223	1631.0
0.4119106699751861	1633.0
0.4143920595533499	1634.0
0.41687344913151364	1637.0
0.41935483870967744	1644.0
0.4218362282878412	1645.0
0.42431761786600497	1648.0
0.4267990074441687	1649.0
0.4292803970223325	1649.0
0.4317617866004963	1649.0
0.43424317617866004	1650.0
0.43672456575682383	1651.0
0.4392059553349876	1654.0
0.44168734491315137	1654.0
0.4441687344913151	1658.0
0.4466501240694789	1659.0
0.4491315136476427	1664.0
0.45161290322580644	1665.0
0.45409429280397023	1669.0
0.456575682382134	1671.0
0.45905707196029777	1682.0
0.46153846153846156	1688.0
0.4640198511166253	1689.0
0.4665012406947891	1701.0
0.46898263027295284	1703.0
0.47146401985111663	1705.0
0.4739454094292804	1706.0
0.47642679900744417	1711.0
0.47890818858560796	1712.0
0.4813895781637717	1715.0
0.4838709677419355	1718.0
0.48635235732009924	1726.0
0.48883374689826303	1727.0
0.4913151364764268	1730.0
0.49379652605459057	1734.0
0.49627791563275436	1739.0
0.4987593052109181	1741.0
0.5012406947890818	1741.0
0.5037220843672456	1747.0
0.5062034739454094	1749.0
0.5086848635235732	1750.0
0.511166253101737	1753.0
0.5136476426799007	1754.0
0.5161290322580645	1757.0
0.5186104218362283	1758.0
0.5210918114143921	1761.0
0.5235732009925558	1762.0
0.5260545905707196	1763.0
0.5285359801488834	1768.0
0.5310173697270472	1770.0
0.533498759305211	1777.0
0.5359801488833746	1800.0
0.5384615384615384	1801.0
0.5409429280397022	1806.0
0.543424317617866	1809.0
0.5459057071960298	1815.0
0.5483870967741935	1819.0
0.5508684863523573	1830.0
0.5533498759305211	1842.0
0.5558312655086849	1844.0
0.5583126550868487	1848.0
0.5607940446650124	1858.0
0.5632754342431762	1886.0
0.56575682382134	1887.0
0.5682382133995038	1888.0
0.5707196029776674	1889.0
0.5732009925558312	1897.0
0.575682382133995	1917.0
0.5781637717121588	1928.0
0.5806451612903226	1929.0
0.5831265508684863	1934.0
0.5856079404466501	1935.0
0.5880893300248139	1945.0
0.5905707196029777	1945.0
0.5930521091811415	1947.0
0.5955334987593052	1970.0
0.598014888337469	1978.0
0.6004962779156328	1983.0
0.6029776674937966	1992.0
0.6054590570719603	1995.0
0.607940446650124	2003.0
0.6104218362282878	2007.0
0.6129032258064516	2032.0
0.6153846153846154	2035.0
0.6178660049627791	2040.0
0.6203473945409429	2042.0
0.6228287841191067	2052.0
0.6253101736972705	2057.0
0.6277915632754343	2058.0
0.630272952853598	2060.0
0.6327543424317618	2066.0
0.6352357320099256	2075.0
0.6377171215880894	2075.0
0.6401985111662531	2076.0
0.6426799007444168	2083.0
0.6451612903225806	2084.0
0.6476426799007444	2088.0
0.6501240694789082	2101.0
0.652605459057072	2104.0
0.6550868486352357	2116.0
0.6575682382133995	2117.0
0.6600496277915633	2122.0
0.6625310173697271	2122.0
0.6650124069478908	2125.0
0.6674937965260546	2125.0
0.6699751861042184	2133.0
0.6724565756823822	2141.0
0.674937965260546	2147.0
0.6774193548387096	2154.0
0.6799007444168734	2154.0
0.6823821339950372	2154.0
0.684863523573201	2159.0
0.6873449131513648	2169.0
0.6898263027295285	2169.0
0.6923076923076923	2175.0
0.6947890818858561	2176.0
0.6972704714640199	2182.0
0.6997518610421837	2183.0
0.7022332506203474	2206.0
0.7047146401985112	2208.0
0.707196029776675	2215.0
0.7096774193548387	2223.0
0.7121588089330024	2247.0
0.7146401985111662	2270.0
0.71712158808933	2289.0
0.7196029776674938	2291.0
0.7220843672456576	2293.0
0.7245657568238213	2293.0
0.7270471464019851	2299.0
0.7295285359801489	2299.0
0.7320099255583127	2306.0
0.7344913151364765	2309.0
0.7369727047146402	2311.0
0.739454094292804	2316.0
0.7419354838709677	2322.0
0.7444168734491315	2327.0
0.7468982630272953	2331.0
0.749379652605459	2332.0
0.7518610421836228	2340.0
0.7543424317617866	2341.0
0.7568238213399504	2343.0
0.7593052109181141	2357.0
0.7617866004962779	2362.0
0.7642679900744417	2378.0
0.7667493796526055	2383.0
0.7692307692307693	2387.0
0.771712158808933	2395.0
0.7741935483870968	2414.0
0.7766749379652605	2420.0
0.7791563275434243	2436.0
0.7816377171215881	2448.0
0.7841191066997518	2450.0
0.7866004962779156	2470.0
0.7890818858560794	2506.0
0.7915632754342432	2516.0
0.7940446650124069	2521.0
0.7965260545905707	2539.0
0.7990074441687345	2539.0
0.8014888337468983	2574.0
0.8039702233250621	2577.0
0.8064516129032258	2618.0
0.8089330024813896	2626.0
0.8114143920595533	2630.0
0.8138957816377171	2638.0
0.8163771712158809	2644.0
0.8188585607940446	2675.0
0.8213399503722084	2678.0
0.8238213399503722	2678.0
0.826302729528536	2685.0
0.8287841191066998	2699.0
0.8312655086848635	2710.0
0.8337468982630273	2720.0
0.8362282878411911	2760.0
0.8387096774193549	2766.0
0.8411910669975186	2776.0
0.8436724565756824	2788.0
0.8461538461538461	2803.0
0.8486352357320099	2824.0
0.8511166253101737	2824.0
0.8535980148883374	2857.0
0.8560794044665012	2874.0
0.858560794044665	2885.0
0.8610421836228288	2900.0
0.8635235732009926	2906.0
0.8660049627791563	2940.0
0.8684863523573201	2960.0
0.8709677419354839	2989.0
0.8734491315136477	3000.0
0.8759305210918115	3051.0
0.8784119106699751	3061.0
0.8808933002481389	3068.0
0.8833746898263027	3094.0
0.8858560794044665	3104.0
0.8883374689826302	3110.0
0.890818858560794	3111.0
0.8933002481389578	3116.0
0.8957816377171216	3210.0
0.8982630272952854	3239.0
0.9007444168734491	3303.0
0.9032258064516129	3313.0
0.9057071960297767	3317.0
0.9081885856079405	3318.0
0.9106699751861043	3334.0
0.913151364764268	3407.0
0.9156327543424317	3538.0
0.9181141439205955	3603.0
0.9205955334987593	3606.0
0.9230769230769231	3617.0
0.9255583126550868	3617.0
0.9280397022332506	3619.0
0.9305210918114144	3683.0
0.9330024813895782	3766.0
0.9354838709677419	3809.0
0.9379652605459057	3821.0
0.9404466501240695	3883.0
0.9429280397022333	3918.0
0.9454094292803971	4093.0
0.9478908188585607	4100.0
0.9503722084367245	4108.0
0.9528535980148883	4213.0
0.9553349875930521	4266.0
0.9578163771712159	4300.0
0.9602977667493796	4386.0
0.9627791563275434	4465.0
0.9652605459057072	4467.0
0.967741935483871	4472.0
0.9702233250620348	4473.0
0.9727047146401985	4747.0
0.9751861042183623	4837.0
0.9776674937965261	4877.0
0.9801488833746899	4900.0
0.9826302729528535	4905.0
0.9851116625310173	4922.0
0.9875930521091811	4975.0
0.9900744416873449	5096.0
0.9925558312655087	5097.0
0.9950372208436724	5161.0
0.9975186104218362	5201.0
1.0	5222.0
