0.0	1205.0
0.002967359050445104	1223.0
0.005934718100890208	1227.0
0.008902077151335312	1235.0
0.011869436201780416	1236.0
0.01483679525222552	1239.0
0.017804154302670624	1248.0
0.02077151335311573	1249.0
0.02373887240356083	1255.0
0.026706231454005934	1257.0
0.02967359050445104	1268.0
0.032640949554896145	1268.0
0.03560830860534125	1269.0
0.03857566765578635	1271.0
0.04154302670623146	1273.0
0.04451038575667656	1277.0
0.04747774480712166	1280.0
0.050445103857566766	1281.0
0.05341246290801187	1281.0
0.05637982195845698	1285.0
0.05934718100890208	1287.0
0.06231454005934718	1297.0
0.06528189910979229	1299.0
0.06824925816023739	1301.0
0.0712166172106825	1302.0
0.0741839762611276	1305.0
0.0771513353115727	1308.0
0.08011869436201781	1310.0
0.08308605341246292	1311.0
0.08605341246290801	1313.0
0.08902077151335312	1317.0
0.09198813056379822	1317.0
0.09495548961424333	1319.0
0.09792284866468844	1319.0
0.10089020771513353	1321.0
0.10385756676557864	1322.0
0.10682492581602374	1322.0
0.10979228486646884	1327.0
0.11275964391691395	1327.0
0.11572700296735905	1328.0
0.11869436201780416	1328.0
0.12166172106824927	1329.0
0.12462908011869436	1334.0
0.12759643916913946	1337.0
0.13056379821958458	1339.0
0.13353115727002968	1340.0
0.13649851632047477	1343.0
0.1394658753709199	1343.0
0.142433234421365	1344.0
0.14540059347181009	1345.0
0.1483679525222552	1348.0
0.1513353115727003	1348.0
0.1543026706231454	1350.0
0.15727002967359052	1355.0
0.16023738872403562	1356.0
0.1632047477744807	1358.0
0.16617210682492584	1360.0
0.16913946587537093	1367.0
0.17210682492581603	1369.0
0.17507418397626112	1369.0
0.17804154302670624	1370.0
0.18100890207715134	1378.0
0.18397626112759644	1378.0
0.18694362017804156	1379.0
0.18991097922848665	1380.0
0.19287833827893175	1381.0
0.19584569732937687	1382.0
0.19881305637982197	1382.0
0.20178041543026706	1384.0
0.20474777448071219	1386.0
0.20771513353115728	1386.0
0.21068249258160238	1391.0
0.21364985163204747	1393.0
0.2166172106824926	1393.0
0.2195845697329377	1393.0
0.22255192878338279	1396.0
0.2255192878338279	1398.0
0.228486646884273	1398.0
0.2314540059347181	1398.0
0.23442136498516322	1398.0
0.23738872403560832	1403.0
0.2403560830860534	1404.0
0.24332344213649854	1405.0
0.24629080118694363	1408.0
0.24925816023738873	1409.0
0.2522255192878338	1411.0
0.2551928783382789	1412.0
0.25816023738872407	1416.0
0.26112759643916916	1419.0
0.26409495548961426	1419.0
0.26706231454005935	1420.0
0.27002967359050445	1420.0
0.27299703264094954	1421.0
0.2759643916913947	1422.0
0.2789317507418398	1423.0
0.2818991097922849	1423.0
0.28486646884273	1423.0
0.2878338278931751	1426.0
0.29080118694362017	1427.0
0.29376854599406527	1427.0
0.2967359050445104	1428.0
0.2997032640949555	1428.0
0.3026706231454006	1430.0
0.3056379821958457	1430.0
0.3086053412462908	1431.0
0.3115727002967359	1432.0
0.31454005934718104	1433.0
0.31750741839762614	1433.0
0.32047477744807124	1434.0
0.32344213649851633	1434.0
0.3264094955489614	1438.0
0.3293768545994065	1438.0
0.33234421364985167	1440.0
0.33531157270029677	1441.0
0.33827893175074186	1443.0
0.34124629080118696	1448.0
0.34421364985163205	1449.0
0.34718100890207715	1450.0
0.35014836795252224	1451.0
0.3531157270029674	1451.0
0.3560830860534125	1453.0
0.3590504451038576	1454.0
0.3620178041543027	1454.0
0.3649851632047478	1456.0
0.36795252225519287	1457.0
0.370919881305638	1459.0
0.3738872403560831	1460.0
0.3768545994065282	1461.0
0.3798219584569733	1462.0
0.3827893175074184	1462.0
0.3857566765578635	1466.0
0.3887240356083086	1466.0
0.39169139465875374	1467.0
0.39465875370919884	1469.0
0.39762611275964393	1469.0
0.40059347181008903	1470.0
0.4035608308605341	1470.0
0.4065281899109792	1475.0
0.40949554896142437	1476.0
0.41246290801186947	1476.0
0.41543026706231456	1477.0
0.41839762611275966	1477.0
0.42136498516320475	1478.0
0.42433234421364985	1481.0
0.42729970326409494	1485.0
0.4302670623145401	1485.0
0.4332344213649852	1492.0
0.4362017804154303	1494.0
0.4391691394658754	1494.0
0.4421364985163205	1495.0
0.44510385756676557	1496.0
0.4480712166172107	1498.0
0.4510385756676558	1498.0
0.4540059347181009	1498.0
0.456973293768546	1499.0
0.4599406528189911	1501.0
0.4629080118694362	1502.0
0.46587537091988135	1510.0
0.46884272997032644	1511.0
0.47181008902077154	1515.0
0.47477744807121663	1518.0
0.47774480712166173	1521.0
0.4807121661721068	1522.0
0.4836795252225519	1524.0
0.48664688427299707	1524.0
0.48961424332344217	1530.0
0.49258160237388726	1531.0
0.49554896142433236	1532.0
0.49851632047477745	1534.0
0.5014836795252225	1536.0
0.5044510385756676	1536.0
0.5074183976261127	1538.0
0.5103857566765578	1541.0
0.513353115727003	1545.0
0.5163204747774481	1548.0
0.5192878338278932	1548.0
0.5222551928783383	1549.0
0.5252225519287834	1551.0
0.5281899109792285	1555.0
0.5311572700296736	1555.0
0.5341246290801187	1556.0
0.5370919881305638	1558.0
0.5400593471810089	1564.0
0.543026706231454	1564.0
0.5459940652818991	1565.0
0.5489614243323442	1567.0
0.5519287833827894	1568.0
0.5548961424332345	1576.0
0.5578635014836796	1578.0
0.5608308605341247	1581.0
0.5637982195845698	1581.0
0.5667655786350149	1583.0
0.56973293768546	1585.0
0.5727002967359051	1585.0
0.5756676557863502	1586.0
0.5786350148367952	1591.0
0.5816023738872403	1593.0
0.5845697329376854	1595.0
0.5875370919881305	1603.0
0.5905044510385757	1604.0
0.5934718100890208	1605.0
0.5964391691394659	1605.0
0.599406528189911	1608.0
0.6023738872403561	1610.0
0.6053412462908012	1614.0
0.6083086053412463	1614.0
0.6112759643916914	1614.0
0.6142433234421365	1616.0
0.6172106824925816	1622.0
0.6201780415430267	1622.0
0.6231454005934718	1623.0
0.6261127596439169	1625.0
0.6290801186943621	1627.0
0.6320474777448072	1628.0
0.6350148367952523	1629.0
0.6379821958456974	1634.0
0.6409495548961425	1635.0
0.6439169139465876	1642.0
0.6468842729970327	1644.0
0.6498516320474778	1645.0
0.6528189910979229	1649.0
0.655786350148368	1650.0
0.658753709198813	1655.0
0.6617210682492581	1656.0
0.6646884272997033	1659.0
0.6676557863501484	1660.0
0.6706231454005935	1663.0
0.6735905044510386	1666.0
0.6765578635014837	1671.0
0.6795252225519288	1673.0
0.6824925816023739	1685.0
0.685459940652819	1685.0
0.6884272997032641	1686.0
0.6913946587537092	1688.0
0.6943620178041543	1690.0
0.6973293768545994	1691.0
0.7002967359050445	1692.0
0.7032640949554897	1692.0
0.7062314540059348	1692.0
0.7091988130563799	1694.0
0.712166172106825	1695.0
0.7151335311572701	1697.0
0.7181008902077152	1701.0
0.7210682492581603	1708.0
0.7240356083086054	1709.0
0.7270029673590505	1711.0
0.7299703264094956	1719.0
0.7329376854599406	1721.0
0.7359050445103857	1721.0
0.7388724035608308	1727.0
0.741839762611276	1733.0
0.7448071216617211	1737.0
0.7477744807121662	1739.0
0.7507418397626113	1740.0
0.7537091988130564	1742.0
0.7566765578635015	1747.0
0.7596439169139466	1753.0
0.7626112759643917	1753.0
0.7655786350148368	1756.0
0.7685459940652819	1758.0
0.771513353115727	1763.0
0.7744807121661721	1767.0
0.7774480712166172	1769.0
0.7804154302670624	1781.0
0.7833827893175075	1785.0
0.7863501483679526	1805.0
0.7893175074183977	1807.0
0.7922848664688428	1808.0
0.7952522255192879	1815.0
0.798219584569733	1818.0
0.8011869436201781	1820.0
0.8041543026706232	1829.0
0.8071216617210683	1829.0
0.8100890207715133	1830.0
0.8130563798219584	1840.0
0.8160237388724035	1842.0
0.8189910979228487	1843.0
0.8219584569732938	1844.0
0.8249258160237389	1857.0
0.827893175074184	1865.0
0.8308605341246291	1870.0
0.8338278931750742	1878.0
0.8367952522255193	1890.0
0.8397626112759644	1900.0
0.8427299703264095	1907.0
0.8456973293768546	1911.0
0.8486646884272997	1915.0
0.8516320474777448	1915.0
0.8545994065281899	1916.0
0.8575667655786351	1919.0
0.8605341246290802	1920.0
0.8635014836795253	1921.0
0.8664688427299704	1932.0
0.8694362017804155	1936.0
0.8724035608308606	1941.0
0.8753709198813057	1945.0
0.8783382789317508	1961.0
0.8813056379821959	1963.0
0.884272997032641	1970.0
0.887240356083086	1974.0
0.8902077151335311	1986.0
0.8931750741839763	1997.0
0.8961424332344214	2008.0
0.8991097922848665	2009.0
0.9020771513353116	2023.0
0.9050445103857567	2037.0
0.9080118694362018	2049.0
0.9109792284866469	2065.0
0.913946587537092	2074.0
0.9169139465875371	2090.0
0.9198813056379822	2109.0
0.9228486646884273	2109.0
0.9258160237388724	2121.0
0.9287833827893175	2128.0
0.9317507418397627	2134.0
0.9347181008902078	2137.0
0.9376854599406529	2151.0
0.940652818991098	2169.0
0.9436201780415431	2183.0
0.9465875370919882	2221.0
0.9495548961424333	2287.0
0.9525222551928784	2330.0
0.9554896142433235	2339.0
0.9584569732937686	2370.0
0.9614243323442137	2521.0
0.9643916913946587	2656.0
0.9673590504451038	2823.0
0.970326409495549	2896.0
0.9732937685459941	3088.0
0.9762611275964392	3116.0
0.9792284866468843	3127.0
0.9821958456973294	3162.0
0.9851632047477745	3251.0
0.9881305637982196	3271.0
0.9910979228486647	3302.0
0.9940652818991098	3442.0
0.9970326409495549	3502.0
1.0	4230.0
