0.0	1175.0
0.0017064846416382253	1177.0
0.0034129692832764505	1207.0
0.005119453924914676	1208.0
0.006825938566552901	1214.0
0.008532423208191127	1220.0
0.010238907849829351	1229.0
0.011945392491467578	1234.0
0.013651877133105802	1234.0
0.015358361774744027	1236.0
0.017064846416382253	1247.0
0.01877133105802048	1253.0
0.020477815699658702	1254.0
0.02218430034129693	1290.0
0.023890784982935155	1290.0
0.025597269624573378	1293.0
0.027303754266211604	1296.0
0.02901023890784983	1300.0
0.030716723549488054	1307.0
0.03242320819112628	1316.0
0.034129692832764506	1322.0
0.03583617747440273	1329.0
0.03754266211604096	1337.0
0.03924914675767918	1342.0
0.040955631399317405	1344.0
0.042662116040955635	1360.0
0.04436860068259386	1372.0
0.04607508532423208	1372.0
0.04778156996587031	1385.0
0.04948805460750853	1385.0
0.051194539249146756	1390.0
0.052901023890784986	1393.0
0.05460750853242321	1394.0
0.05631399317406143	1401.0
0.05802047781569966	1409.0
0.059726962457337884	1412.0
0.06143344709897611	1422.0
0.06313993174061433	1429.0
0.06484641638225257	1451.0
0.06655290102389079	1457.0
0.06825938566552901	1460.0
0.06996587030716724	1463.0
0.07167235494880546	1479.0
0.07337883959044368	1480.0
0.07508532423208192	1483.0
0.07679180887372014	1486.0
0.07849829351535836	1486.0
0.08020477815699659	1492.0
0.08191126279863481	1493.0
0.08361774744027303	1509.0
0.08532423208191127	1520.0
0.08703071672354949	1525.0
0.08873720136518772	1531.0
0.09044368600682594	1545.0
0.09215017064846416	1550.0
0.09385665529010238	1557.0
0.09556313993174062	1558.0
0.09726962457337884	1571.0
0.09897610921501707	1576.0
0.10068259385665529	1580.0
0.10238907849829351	1585.0
0.10409556313993173	1585.0
0.10580204778156997	1592.0
0.1075085324232082	1593.0
0.10921501706484642	1596.0
0.11092150170648464	1598.0
0.11262798634812286	1603.0
0.1143344709897611	1605.0
0.11604095563139932	1608.0
0.11774744027303755	1611.0
0.11945392491467577	1612.0
0.12116040955631399	1613.0
0.12286689419795221	1614.0
0.12457337883959045	1616.0
0.12627986348122866	1616.0
0.12798634812286688	1619.0
0.12969283276450513	1619.0
0.13139931740614336	1625.0
0.13310580204778158	1628.0
0.1348122866894198	1629.0
0.13651877133105803	1633.0
0.13822525597269625	1639.0
0.13993174061433447	1641.0
0.1416382252559727	1643.0
0.14334470989761092	1649.0
0.14505119453924914	1650.0
0.14675767918088736	1651.0
0.14846416382252559	1653.0
0.15017064846416384	1659.0
0.15187713310580206	1674.0
0.15358361774744028	1675.0
0.1552901023890785	1677.0
0.15699658703071673	1683.0
0.15870307167235495	1684.0
0.16040955631399317	1685.0
0.1621160409556314	1691.0
0.16382252559726962	1694.0
0.16552901023890784	1694.0
0.16723549488054607	1697.0
0.16894197952218432	1698.0
0.17064846416382254	1703.0
0.17235494880546076	1711.0
0.17406143344709898	1717.0
0.1757679180887372	1719.0
0.17747440273037543	1720.0
0.17918088737201365	1722.0
0.18088737201365188	1723.0
0.1825938566552901	1727.0
0.18430034129692832	1728.0
0.18600682593856654	1742.0
0.18771331058020477	1744.0
0.18941979522184302	1748.0
0.19112627986348124	1754.0
0.19283276450511946	1754.0
0.1945392491467577	1756.0
0.1962457337883959	1756.0
0.19795221843003413	1759.0
0.19965870307167236	1759.0
0.20136518771331058	1760.0
0.2030716723549488	1763.0
0.20477815699658702	1763.0
0.20648464163822525	1767.0
0.20819112627986347	1767.0
0.20989761092150172	1767.0
0.21160409556313994	1767.0
0.21331058020477817	1768.0
0.2150170648464164	1770.0
0.2167235494880546	1773.0
0.21843003412969283	1773.0
0.22013651877133106	1774.0
0.22184300341296928	1775.0
0.2235494880546075	1775.0
0.22525597269624573	1781.0
0.22696245733788395	1785.0
0.2286689419795222	1786.0
0.23037542662116042	1786.0
0.23208191126279865	1794.0
0.23378839590443687	1797.0
0.2354948805460751	1797.0
0.23720136518771331	1799.0
0.23890784982935154	1800.0
0.24061433447098976	1801.0
0.24232081911262798	1804.0
0.2440273037542662	1805.0
0.24573378839590443	1805.0
0.24744027303754265	1806.0
0.2491467576791809	1807.0
0.2508532423208191	1809.0
0.2525597269624573	1810.0
0.25426621160409557	1813.0
0.25597269624573377	1816.0
0.257679180887372	1819.0
0.25938566552901027	1819.0
0.26109215017064846	1820.0
0.2627986348122867	1820.0
0.2645051194539249	1821.0
0.26621160409556316	1822.0
0.26791808873720135	1822.0
0.2696245733788396	1823.0
0.2713310580204778	1824.0
0.27303754266211605	1824.0
0.27474402730375425	1824.0
0.2764505119453925	1826.0
0.27815699658703075	1828.0
0.27986348122866894	1829.0
0.2815699658703072	1831.0
0.2832764505119454	1831.0
0.28498293515358364	1833.0
0.28668941979522183	1835.0
0.2883959044368601	1838.0
0.2901023890784983	1840.0
0.29180887372013653	1842.0
0.2935153583617747	1842.0
0.295221843003413	1844.0
0.29692832764505117	1844.0
0.2986348122866894	1844.0
0.3003412969283277	1845.0
0.30204778156996587	1846.0
0.3037542662116041	1849.0
0.3054607508532423	1853.0
0.30716723549488056	1854.0
0.30887372013651876	1855.0
0.310580204778157	1855.0
0.3122866894197952	1855.0
0.31399317406143346	1856.0
0.31569965870307165	1857.0
0.3174061433447099	1861.0
0.31911262798634815	1861.0
0.32081911262798635	1863.0
0.3225255972696246	1863.0
0.3242320819112628	1863.0
0.32593856655290104	1863.0
0.32764505119453924	1865.0
0.3293515358361775	1866.0
0.3310580204778157	1870.0
0.33276450511945393	1871.0
0.33447098976109213	1872.0
0.3361774744027304	1875.0
0.33788395904436863	1875.0
0.3395904436860068	1875.0
0.3412969283276451	1882.0
0.3430034129692833	1885.0
0.3447098976109215	1885.0
0.3464163822525597	1886.0
0.34812286689419797	1886.0
0.34982935153583616	1888.0
0.3515358361774744	1889.0
0.3532423208191126	1889.0
0.35494880546075086	1891.0
0.35665529010238906	1891.0
0.3583617747440273	1895.0
0.36006825938566556	1899.0
0.36177474402730375	1902.0
0.363481228668942	1905.0
0.3651877133105802	1907.0
0.36689419795221845	1908.0
0.36860068259385664	1908.0
0.3703071672354949	1909.0
0.3720136518771331	1910.0
0.37372013651877134	1910.0
0.37542662116040953	1915.0
0.3771331058020478	1922.0
0.37883959044368604	1922.0
0.38054607508532423	1926.0
0.3822525597269625	1930.0
0.3839590443686007	1932.0
0.3856655290102389	1933.0
0.3873720136518771	1935.0
0.3890784982935154	1936.0
0.39078498293515357	1938.0
0.3924914675767918	1939.0
0.39419795221843	1939.0
0.39590443686006827	1940.0
0.3976109215017065	1941.0
0.3993174061433447	1943.0
0.40102389078498296	1946.0
0.40273037542662116	1947.0
0.4044368600682594	1947.0
0.4061433447098976	1948.0
0.40784982935153585	1948.0
0.40955631399317405	1949.0
0.4112627986348123	1953.0
0.4129692832764505	1953.0
0.41467576791808874	1953.0
0.41638225255972694	1954.0
0.4180887372013652	1959.0
0.41979522184300344	1960.0
0.42150170648464164	1960.0
0.4232081911262799	1961.0
0.4249146757679181	1961.0
0.42662116040955633	1962.0
0.4283276450511945	1962.0
0.4300341296928328	1962.0
0.431740614334471	1963.0
0.4334470989761092	1963.0
0.4351535836177474	1964.0
0.43686006825938567	1966.0
0.4385665529010239	1969.0
0.4402730375426621	1969.0
0.44197952218430037	1970.0
0.44368600682593856	1970.0
0.4453924914675768	1972.0
0.447098976109215	1972.0
0.44880546075085326	1975.0
0.45051194539249145	1975.0
0.4522184300341297	1977.0
0.4539249146757679	1978.0
0.45563139931740615	1978.0
0.4573378839590444	1978.0
0.4590443686006826	1980.0
0.46075085324232085	1983.0
0.46245733788395904	1983.0
0.4641638225255973	1984.0
0.4658703071672355	1985.0
0.46757679180887374	1986.0
0.46928327645051193	1988.0
0.4709897610921502	1992.0
0.4726962457337884	1992.0
0.47440273037542663	1994.0
0.4761092150170648	1995.0
0.4778156996587031	1996.0
0.4795221843003413	2005.0
0.4812286689419795	2006.0
0.48293515358361777	2009.0
0.48464163822525597	2011.0
0.4863481228668942	2017.0
0.4880546075085324	2018.0
0.48976109215017066	2020.0
0.49146757679180886	2023.0
0.4931740614334471	2024.0
0.4948805460750853	2025.0
0.49658703071672355	2026.0
0.4982935153583618	2027.0
0.5	2028.0
0.5017064846416383	2028.0
0.5034129692832765	2029.0
0.5051194539249146	2031.0
0.5068259385665529	2031.0
0.5085324232081911	2037.0
0.5102389078498294	2037.0
0.5119453924914675	2040.0
0.5136518771331058	2042.0
0.515358361774744	2043.0
0.5170648464163823	2043.0
0.5187713310580205	2051.0
0.5204778156996587	2051.0
0.5221843003412969	2053.0
0.5238907849829352	2058.0
0.5255972696245734	2059.0
0.5273037542662116	2065.0
0.5290102389078498	2065.0
0.5307167235494881	2066.0
0.5324232081911263	2066.0
0.5341296928327645	2070.0
0.5358361774744027	2071.0
0.537542662116041	2072.0
0.5392491467576792	2072.0
0.5409556313993175	2075.0
0.5426621160409556	2075.0
0.5443686006825939	2076.0
0.5460750853242321	2078.0
0.5477815699658704	2078.0
0.5494880546075085	2080.0
0.5511945392491467	2084.0
0.552901023890785	2086.0
0.5546075085324232	2090.0
0.5563139931740615	2090.0
0.5580204778156996	2090.0
0.5597269624573379	2092.0
0.5614334470989761	2093.0
0.5631399317406144	2093.0
0.5648464163822525	2094.0
0.5665529010238908	2095.0
0.568259385665529	2098.0
0.5699658703071673	2100.0
0.5716723549488054	2105.0
0.5733788395904437	2106.0
0.5750853242320819	2114.0
0.5767918088737202	2118.0
0.5784982935153584	2119.0
0.5802047781569966	2120.0
0.5819112627986348	2120.0
0.5836177474402731	2121.0
0.5853242320819113	2125.0
0.5870307167235495	2126.0
0.5887372013651877	2126.0
0.590443686006826	2128.0
0.5921501706484642	2132.0
0.5938566552901023	2134.0
0.5955631399317406	2137.0
0.5972696245733788	2139.0
0.5989761092150171	2140.0
0.6006825938566553	2146.0
0.6023890784982935	2147.0
0.6040955631399317	2147.0
0.60580204778157	2149.0
0.6075085324232082	2155.0
0.6092150170648464	2156.0
0.6109215017064846	2157.0
0.6126279863481229	2160.0
0.6143344709897611	2160.0
0.6160409556313994	2163.0
0.6177474402730375	2163.0
0.6194539249146758	2165.0
0.621160409556314	2168.0
0.6228668941979523	2169.0
0.6245733788395904	2171.0
0.6262798634812287	2171.0
0.6279863481228669	2173.0
0.6296928327645052	2176.0
0.6313993174061433	2177.0
0.6331058020477816	2178.0
0.6348122866894198	2179.0
0.636518771331058	2180.0
0.6382252559726963	2182.0
0.6399317406143344	2190.0
0.6416382252559727	2190.0
0.643344709897611	2191.0
0.6450511945392492	2194.0
0.6467576791808873	2201.0
0.6484641638225256	2201.0
0.6501706484641638	2203.0
0.6518771331058021	2204.0
0.6535836177474402	2204.0
0.6552901023890785	2206.0
0.6569965870307167	2209.0
0.658703071672355	2216.0
0.6604095563139932	2222.0
0.6621160409556314	2232.0
0.6638225255972696	2237.0
0.6655290102389079	2237.0
0.6672354948805461	2241.0
0.6689419795221843	2243.0
0.6706484641638225	2246.0
0.6723549488054608	2247.0
0.674061433447099	2252.0
0.6757679180887373	2252.0
0.6774744027303754	2256.0
0.6791808873720137	2256.0
0.6808873720136519	2258.0
0.6825938566552902	2262.0
0.6843003412969283	2263.0
0.6860068259385665	2264.0
0.6877133105802048	2267.0
0.689419795221843	2267.0
0.6911262798634812	2268.0
0.6928327645051194	2271.0
0.6945392491467577	2273.0
0.6962457337883959	2288.0
0.6979522184300342	2293.0
0.6996587030716723	2298.0
0.7013651877133106	2304.0
0.7030716723549488	2315.0
0.7047781569965871	2316.0
0.7064846416382252	2316.0
0.7081911262798635	2317.0
0.7098976109215017	2319.0
0.71160409556314	2319.0
0.7133105802047781	2325.0
0.7150170648464164	2332.0
0.7167235494880546	2332.0
0.7184300341296929	2340.0
0.7201365187713311	2341.0
0.7218430034129693	2346.0
0.7235494880546075	2348.0
0.7252559726962458	2358.0
0.726962457337884	2370.0
0.7286689419795221	2372.0
0.7303754266211604	2376.0
0.7320819112627986	2378.0
0.7337883959044369	2388.0
0.7354948805460751	2396.0
0.7372013651877133	2418.0
0.7389078498293515	2423.0
0.7406143344709898	2431.0
0.742320819112628	2431.0
0.7440273037542662	2435.0
0.7457337883959044	2436.0
0.7474402730375427	2442.0
0.7491467576791809	2444.0
0.7508532423208191	2444.0
0.7525597269624573	2446.0
0.7542662116040956	2446.0
0.7559726962457338	2451.0
0.7576791808873721	2457.0
0.7593856655290102	2465.0
0.7610921501706485	2483.0
0.7627986348122867	2483.0
0.764505119453925	2489.0
0.7662116040955631	2489.0
0.7679180887372014	2507.0
0.7696245733788396	2507.0
0.7713310580204779	2512.0
0.773037542662116	2515.0
0.7747440273037542	2523.0
0.7764505119453925	2524.0
0.7781569965870307	2529.0
0.779863481228669	2533.0
0.7815699658703071	2538.0
0.7832764505119454	2541.0
0.7849829351535836	2543.0
0.7866894197952219	2545.0
0.78839590443686	2554.0
0.7901023890784983	2556.0
0.7918088737201365	2556.0
0.7935153583617748	2562.0
0.795221843003413	2572.0
0.7969283276450512	2578.0
0.7986348122866894	2580.0
0.8003412969283277	2612.0
0.8020477815699659	2614.0
0.8037542662116041	2630.0
0.8054607508532423	2642.0
0.8071672354948806	2646.0
0.8088737201365188	2648.0
0.810580204778157	2648.0
0.8122866894197952	2673.0
0.8139931740614335	2695.0
0.8156996587030717	2698.0
0.81740614334471	2701.0
0.8191126279863481	2702.0
0.8208191126279863	2704.0
0.8225255972696246	2720.0
0.8242320819112628	2724.0
0.825938566552901	2727.0
0.8276450511945392	2727.0
0.8293515358361775	2740.0
0.8310580204778157	2745.0
0.8327645051194539	2750.0
0.8344709897610921	2751.0
0.8361774744027304	2752.0
0.8378839590443686	2752.0
0.8395904436860069	2753.0
0.841296928327645	2778.0
0.8430034129692833	2785.0
0.8447098976109215	2794.0
0.8464163822525598	2802.0
0.8481228668941979	2830.0
0.8498293515358362	2843.0
0.8515358361774744	2850.0
0.8532423208191127	2853.0
0.8549488054607509	2879.0
0.856655290102389	2882.0
0.8583617747440273	2887.0
0.8600682593856656	2905.0
0.8617747440273038	2911.0
0.863481228668942	2915.0
0.8651877133105802	2924.0
0.8668941979522184	2929.0
0.8686006825938567	2932.0
0.8703071672354948	2977.0
0.8720136518771331	2993.0
0.8737201365187713	3044.0
0.8754266211604096	3054.0
0.8771331058020478	3078.0
0.878839590443686	3079.0
0.8805460750853242	3088.0
0.8822525597269625	3088.0
0.8839590443686007	3119.0
0.8856655290102389	3176.0
0.8873720136518771	3213.0
0.8890784982935154	3230.0
0.8907849829351536	3233.0
0.8924914675767918	3278.0
0.89419795221843	3301.0
0.8959044368600683	3314.0
0.8976109215017065	3349.0
0.8993174061433448	3349.0
0.9010238907849829	3366.0
0.9027303754266212	3370.0
0.9044368600682594	3391.0
0.9061433447098977	3402.0
0.9078498293515358	3426.0
0.909556313993174	3426.0
0.9112627986348123	3445.0
0.9129692832764505	3476.0
0.9146757679180888	3489.0
0.9163822525597269	3514.0
0.9180887372013652	3525.0
0.9197952218430034	3530.0
0.9215017064846417	3554.0
0.9232081911262798	3590.0
0.9249146757679181	3602.0
0.9266211604095563	3619.0
0.9283276450511946	3632.0
0.9300341296928327	3676.0
0.931740614334471	3742.0
0.9334470989761092	3754.0
0.9351535836177475	3760.0
0.9368600682593857	3823.0
0.9385665529010239	3831.0
0.9402730375426621	3834.0
0.9419795221843004	3881.0
0.9436860068259386	3927.0
0.9453924914675768	3958.0
0.947098976109215	4049.0
0.9488054607508533	4052.0
0.9505119453924915	4211.0
0.9522184300341296	4234.0
0.9539249146757679	4241.0
0.9556313993174061	4267.0
0.9573378839590444	4387.0
0.9590443686006827	4447.0
0.9607508532423208	4470.0
0.962457337883959	4490.0
0.9641638225255973	4628.0
0.9658703071672355	4636.0
0.9675767918088737	4815.0
0.9692832764505119	4818.0
0.9709897610921502	4850.0
0.9726962457337884	4887.0
0.9744027303754267	4895.0
0.9761092150170648	4941.0
0.9778156996587031	4955.0
0.9795221843003413	4970.0
0.9812286689419796	5012.0
0.9829351535836177	5091.0
0.984641638225256	5244.0
0.9863481228668942	5387.0
0.9880546075085325	5949.0
0.9897610921501706	5986.0
0.9914675767918089	6041.0
0.9931740614334471	7058.0
0.9948805460750854	7079.0
0.9965870307167236	7762.0
0.9982935153583617	8806.0
1.0	8875.0
