0.0	651.0
0.003787878787878788	665.0
0.007575757575757576	666.0
0.011363636363636364	666.0
0.015151515151515152	670.0
0.01893939393939394	681.0
0.022727272727272728	687.0
0.026515151515151516	689.0
0.030303030303030304	690.0
0.03409090909090909	692.0
0.03787878787878788	696.0
0.04166666666666667	715.0
0.045454545454545456	716.0
0.04924242424242424	717.0
0.05303030303030303	726.0
0.05681818181818182	726.0
0.06060606060606061	731.0
0.06439393939393939	739.0
0.06818181818181818	742.0
0.07196969696969698	743.0
0.07575757575757576	748.0
0.07954545454545454	754.0
0.08333333333333334	772.0
0.08712121212121213	783.0
0.09090909090909091	784.0
0.0946969696969697	795.0
0.09848484848484848	795.0
0.10227272727272728	796.0
0.10606060606060606	797.0
0.10984848484848485	799.0
0.11363636363636365	806.0
0.11742424242424243	815.0
0.12121212121212122	816.0
0.125	820.0
0.12878787878787878	829.0
0.13257575757575757	832.0
0.13636363636363635	853.0
0.14015151515151517	856.0
0.14393939393939395	863.0
0.14772727272727273	873.0
0.15151515151515152	874.0
0.1553030303030303	877.0
0.1590909090909091	879.0
0.16287878787878787	884.0
0.16666666666666669	886.0
0.17045454545454547	891.0
0.17424242424242425	895.0
0.17803030303030304	898.0
0.18181818181818182	904.0
0.1856060606060606	905.0
0.1893939393939394	905.0
0.19318181818181818	906.0
0.19696969696969696	906.0
0.20075757575757577	913.0
0.20454545454545456	921.0
0.20833333333333334	926.0
0.21212121212121213	929.0
0.2159090909090909	930.0
0.2196969696969697	932.0
0.22348484848484848	934.0
0.2272727272727273	938.0
0.23106060606060608	939.0
0.23484848484848486	942.0
0.23863636363636365	943.0
0.24242424242424243	948.0
0.24621212121212122	951.0
0.25	951.0
0.2537878787878788	955.0
0.25757575757575757	958.0
0.26136363636363635	962.0
0.26515151515151514	962.0
0.2689393939393939	966.0
0.2727272727272727	970.0
0.27651515151515155	973.0
0.28030303030303033	974.0
0.2840909090909091	981.0
0.2878787878787879	981.0
0.2916666666666667	985.0
0.29545454545454547	997.0
0.29924242424242425	1010.0
0.30303030303030304	1016.0
0.3068181818181818	1017.0
0.3106060606060606	1017.0
0.3143939393939394	1020.0
0.3181818181818182	1024.0
0.32196969696969696	1030.0
0.32575757575757575	1036.0
0.32954545454545453	1048.0
0.33333333333333337	1050.0
0.33712121212121215	1059.0
0.34090909090909094	1066.0
0.3446969696969697	1070.0
0.3484848484848485	1072.0
0.3522727272727273	1077.0
0.3560606060606061	1086.0
0.35984848484848486	1090.0
0.36363636363636365	1093.0
0.36742424242424243	1104.0
0.3712121212121212	1114.0
0.375	1114.0
0.3787878787878788	1116.0
0.38257575757575757	1121.0
0.38636363636363635	1121.0
0.39015151515151514	1123.0
0.3939393939393939	1130.0
0.39772727272727276	1131.0
0.40151515151515155	1132.0
0.40530303030303033	1133.0
0.4090909090909091	1139.0
0.4128787878787879	1152.0
0.4166666666666667	1159.0
0.42045454545454547	1159.0
0.42424242424242425	1172.0
0.42803030303030304	1187.0
0.4318181818181818	1192.0
0.4356060606060606	1193.0
0.4393939393939394	1194.0
0.4431818181818182	1196.0
0.44696969696969696	1202.0
0.45075757575757575	1204.0
0.4545454545454546	1210.0
0.45833333333333337	1221.0
0.46212121212121215	1221.0
0.46590909090909094	1231.0
0.4696969696969697	1238.0
0.4734848484848485	1248.0
0.4772727272727273	1248.0
0.4810606060606061	1268.0
0.48484848484848486	1270.0
0.48863636363636365	1281.0
0.49242424242424243	1294.0
0.4962121212121212	1295.0
0.5	1299.0
0.5037878787878788	1309.0
0.5075757575757576	1311.0
0.5113636363636364	1327.0
0.5151515151515151	1332.0
0.5189393939393939	1345.0
0.5227272727272727	1354.0
0.5265151515151515	1376.0
0.5303030303030303	1387.0
0.5340909090909091	1407.0
0.5378787878787878	1425.0
0.5416666666666666	1470.0
0.5454545454545454	1488.0
0.5492424242424243	1491.0
0.5530303030303031	1492.0
0.5568181818181819	1496.0
0.5606060606060607	1500.0
0.5643939393939394	1512.0
0.5681818181818182	1524.0
0.571969696969697	1552.0
0.5757575757575758	1552.0
0.5795454545454546	1562.0
0.5833333333333334	1574.0
0.5871212121212122	1579.0
0.5909090909090909	1589.0
0.5946969696969697	1592.0
0.5984848484848485	1612.0
0.6022727272727273	1631.0
0.6060606060606061	1636.0
0.6098484848484849	1642.0
0.6136363636363636	1645.0
0.6174242424242424	1669.0
0.6212121212121212	1703.0
0.625	1732.0
0.6287878787878788	1740.0
0.6325757575757576	1744.0
0.6363636363636364	1765.0
0.6401515151515151	1785.0
0.6439393939393939	1832.0
0.6477272727272727	1835.0
0.6515151515151515	1837.0
0.6553030303030303	1858.0
0.6590909090909091	1891.0
0.6628787878787878	1897.0
0.6666666666666667	1920.0
0.6704545454545455	1933.0
0.6742424242424243	1937.0
0.6780303030303031	1958.0
0.6818181818181819	1965.0
0.6856060606060607	1973.0
0.6893939393939394	1974.0
0.6931818181818182	1988.0
0.696969696969697	2013.0
0.7007575757575758	2034.0
0.7045454545454546	2075.0
0.7083333333333334	2171.0
0.7121212121212122	2176.0
0.7159090909090909	2177.0
0.7196969696969697	2199.0
0.7234848484848485	2205.0
0.7272727272727273	2224.0
0.7310606060606061	2251.0
0.7348484848484849	2295.0
0.7386363636363636	2296.0
0.7424242424242424	2494.0
0.7462121212121212	2528.0
0.75	2547.0
0.7537878787878788	2569.0
0.7575757575757576	2586.0
0.7613636363636364	2599.0
0.7651515151515151	2638.0
0.7689393939393939	2671.0
0.7727272727272727	2732.0
0.7765151515151515	2808.0
0.7803030303030303	2863.0
0.7840909090909091	2908.0
0.7878787878787878	2922.0
0.7916666666666667	2934.0
0.7954545454545455	3024.0
0.7992424242424243	3123.0
0.8030303030303031	3324.0
0.8068181818181819	3380.0
0.8106060606060607	3383.0
0.8143939393939394	3401.0
0.8181818181818182	3453.0
0.821969696969697	3501.0
0.8257575757575758	3515.0
0.8295454545454546	3736.0
0.8333333333333334	3830.0
0.8371212121212122	3859.0
0.8409090909090909	3877.0
0.8446969696969697	3974.0
0.8484848484848485	4041.0
0.8522727272727273	4113.0
0.8560606060606061	4173.0
0.8598484848484849	4233.0
0.8636363636363636	4262.0
0.8674242424242424	4324.0
0.8712121212121212	4342.0
0.875	4583.0
0.8787878787878788	4604.0
0.8825757575757576	4651.0
0.8863636363636364	4681.0
0.8901515151515151	4730.0
0.8939393939393939	4804.0
0.8977272727272727	4817.0
0.9015151515151515	4908.0
0.9053030303030303	4925.0
0.9090909090909092	5057.0
0.912878787878788	5057.0
0.9166666666666667	5155.0
0.9204545454545455	5391.0
0.9242424242424243	5492.0
0.9280303030303031	5537.0
0.9318181818181819	5544.0
0.9356060606060607	5607.0
0.9393939393939394	5612.0
0.9431818181818182	5647.0
0.946969696969697	5696.0
0.9507575757575758	5718.0
0.9545454545454546	5782.0
0.9583333333333334	5964.0
0.9621212121212122	6158.0
0.9659090909090909	6252.0
0.9696969696969697	6526.0
0.9734848484848485	7193.0
0.9772727272727273	7196.0
0.9810606060606061	9160.0
0.9848484848484849	9415.0
0.9886363636363636	11147.0
0.9924242424242424	12306.0
0.9962121212121212	13749.0
1.0	14481.0
